embedding_output_dim: 8.00000
gru_hidden_units: 72.00000
gru_dropout: 0.00000
learning_rate: 0.01000
