embedding_dimension: 32.00000
rnn_units: 72.00000
dropout_rate1: 0.50000
dropout_rate2: 0.30000
learning_rate: 0.01000
