embedding_output_dim: 16.00000
gru_hidden_units: 96.00000
gru_dropout: 0.40000
learning_rate: 0.00100
