hidden_layer_1_units: 384.00000
hidden_layer_2_units: 320.00000
hidden_layer_3_units: 256.00000
hidden_layer_4_units: 112.00000
dropout_Rate: 0.20000
learning_rate: 0.00100
