hidden_layer_1_units: 768.00000
hidden_layer_2_units: 192.00000
hidden_layer_3_units: 128.00000
hidden_layer_4_units: 112.00000
dropout_Rate: 0.00000
learning_rate: 0.00100
