embedding_dimension: 16.00000
rnn_units: 144.00000
dropout_rate1: 0.40000
dropout_rate2: 0.00000
learning_rate: 0.01000
