embedding_output_dim: 8.00000
lstm_hidden_units: 96.00000
lstm_dropout: 0.10000
learning_rate: 0.01000
